     1     2
     2     3
     3     4
     3    13
     4     5
     4    14
     6     7
     7    17
     8    18
     9    10
    10    20
    11    21
    12    13
    13    23
    15    16
    16    17
    17    18
    18    19
    18    28
    20    30
    21    31
    22    23
    22    32
    24    25
    24    34
    25    26
    27    28
    28    38
    29    30
    29    39
    31    32
    32    33
    33    34
    33    43
    35    45
    36    37
    36    46
    37    38
    38    39
    39    40
    40    50
    41    42
    41    51
    43    44
    44    54
    45    55
    47    48
    47    57
    48    49
    48    58
    49    50
    51    52
    52    53
    52    62
    53    63
    54    64
    55    65
    56    66
    58    68
    59    60
    59    69
    61    62
    63    64
    63    73
    64    65
    65    66
    67    68
    67    77
    68    69
    70    80
    71    72
    71    81
    72    73
    73    83
    74    75
    75    85
    76    86
    77    78
    78    79
    78    88
    79    80
    79    89
    80    90
    82    83
    82    92
    83    84
    84    85
    84    94
    86    87
    86    96
    87    88
    87    97
    89    99
    90   100
    91    92
    93    94
    94    95
    95    96
    98    99