     1     2
     2    14
     3     4
     4     5
     5    17
     6    18
     7     8
     8     9
     8    20
     9    10
    10    11
    12    24
    13    25
    14    26
    15    27
    16    17
    16    28
    18    19
    18    30
    20    21
    21    33
    22    23
    23    24
    23    35
    24    36
    25    26
    25    37
    26    27
    27    28
    27    39
    28    40
    29    30
    29    41
    31    43
    32    33
    32    44
    33    45
    34    35
    35    47
    37    38
    40    41
    40    52
    41    42
    41    53
    42    43
    42    54
    43    44
    43    55
    45    46
    46    47
    47    59
    48    60
    49    50
    50    51
    50    62
    51    52
    51    63
    52    64
    53    65
    55    56
    57    58
    58    59
    59    60
    59    71
    61    62
    65    77
    66    78
    67    68
    68    69
    69    70
    69    81
    70    71
    71    72
    73    85
    74    86
    75    76
    76    88
    77    78
    79    80
    80    81
    81    82
    82    94
    83    84
    83    95
    85    86
    85    97
    87    99
    88    89
    89    90
    90    91
    90   102
    91    92
    92    93
    92   104
    94    95
    94   106
    96   108
    97   109
    98    99
    99   111
   100   101
   100   112
   101   102
   103   104
   103   115
   104   105
   104   116
   105   106
   106   107
   106   118
   107   108
   107   119
   109   110
   109   121
   111   112
   112   113
   112   124
   113   125
   114   115
   116   128
   117   129
   119   120
   121   122
   121   133
   122   123
   122   134
   123   124
   123   135
   125   126
   126   138
   127   139
   128   140
   129   141
   130   131
   131   132
   132   144
   135   136
   136   137
   139   140
   140   141
   141   142
   142   143
